1.0 -289.90174833391734
2.0 -586.6811238743528
3.0 -2121.055970331486
4.0 -492.0
5.0 -1051.0
6.0 -10.0
7.0 -529.7605439280036
8.0 -128.58199942520918
9.0 -62.0
10.0 -419.8096796580827
11.0 -44.0
12.0 -250.95066367641616
13.0 -129.3846553431585
14.0 -125.0
15.0 -1446.0
16.0 -576.002585396266
17.0 -806.0
18.0 -6.0
19.0 -1280.65445142907
20.0 -191.21444449104575
21.0 -885.9562322420607
22.0 -24.0
23.0 -104.80035448941418
24.0 -2052.222464803591
25.0 -5925.0
26.0 -692.7819475191919
27.0 -31.0
28.0 -11116.666275862404
29.0 -4.0
30.0 -204.4728986706177
31.0 -12.0
32.0 -100.0
33.0 -617.1173093167957
34.0 -173.13114538818135
35.0 -186.90746912502743
36.0 -8.0
37.0 -3.0
38.0 -853.0
39.0 -668.0
40.0 -554.0
41.0 -5.0
42.0 -447.0
43.0 -401.57168929403747
44.0 -7131.0
45.0 -515.137652986258
46.0 -16.0
47.0 -312.0520294895816
48.0 -221.0
49.0 -2262.8983167072056
50.0 -377.7953481316765
51.0 -46.0
52.0 -2915.365325983712
53.0 -2338.6424601891763
54.0 -8.0
55.0 -22.0
56.0 -49.35584536649719
57.0 -2319.066063519249
58.0 -1099.0
59.0 -35.3292168147337
60.0 -203.0
61.0 -45.0
62.0 -705.7867475023728
63.0 -1214.5651033162333
64.0 -3.0
65.0 -750.0019554145312
66.0 -3656.92984063075
67.0 -955.7897985763715
68.0 -692.2659570835277
69.0 -4978.211397635584
70.0 -58.91724634093487
71.0 -1077.475834723398
72.0 -584.8509473643343
73.0 -5503.266620916393
74.0 -6.0
75.0 -2261.124115897276
76.0 -2923.399016865713
77.0 -2339.779208949586
78.0 -240.0
79.0 -32.0
80.0 -124.22466331239491
81.0 -2667.2141707549154
82.0 -1875.0
83.0 -19.200732225183607
84.0 -2825.8677417175604
85.0 -1943.6453902336843
86.0 -1223.2469738791797
87.0 -50.34571804370604
88.0 -2061.200836004461
89.0 -2536.334285261322
90.0 -208.03735431383853
91.0 -1272.767937260412
92.0 -292.84329184090603
93.0 -754.0827644466406
94.0 -298.21605511507437
95.0 -22.73798382503362
96.0 -474.83800139319874
97.0 -327.86351334505105
98.0 -1459.25771930046
99.0 -260.58360952826246
100.0 -91.0
