1.0 -5755.836573976482
2.0 -603.8033960666337
3.0 -670.636160813619
4.0 -490.8089288042411
5.0 -677.2114628230325
6.0 -20.0
7.0 -4938.801973087737
8.0 -2191.7730947794967
9.0 -98.33162958230062
10.0 -679.4017589895036
11.0 -29.0
12.0 -1329.272644676143
13.0 -321.9605721668599
14.0 -365.94303313161197
15.0 -10084.438557148595
16.0 -1105.9487168590158
17.0 -10396.499728680745
18.0 -1092.0
19.0 -7490.193801158166
20.0 -20.0
21.0 -2534.386053417201
22.0 -50.0
23.0 -27.0
24.0 -739.6454504533506
25.0 -7202.911354824341
26.0 -242.812144211114
27.0 -5134.905211366095
28.0 -10.0
29.0 -5143.8790422669135
30.0 -714.7268561589993
31.0 -2300.481565008139
32.0 -631.0950154152321
33.0 -10000.0
34.0 -42.66917746881096
35.0 -163.55929142549485
36.0 -336.7607763399918
37.0 -169.2075713841496
38.0 -846.7528477533308
39.0 -39.0
40.0 -2265.088649479139
41.0 -45.0
42.0 -307.454606526103
43.0 -320.9876404648137
44.0 -2235.5906584228724
45.0 -854.7484968559547
46.0 -724.6006032822506
47.0 -725.8649509296682
48.0 -78.21831906338485
49.0 -10268.218139373714
50.0 -1087.3916436950253
51.0 -572.3577646268183
52.0 -6.0
53.0 -10228.545447226013
54.0 -10000.0
55.0 -10157.21247893739
56.0 -10022.141981922934
57.0 -96.9076339018659
58.0 -1235.3542678213196
59.0 -2346.8237315395468
60.0 -105.0
61.0 -10000.0
62.0 -2044.696816261399
63.0 -1514.8840103948726
64.0 -422.01199667792855
65.0 -4865.4293413579035
66.0 -15.0
67.0 -2406.4062367579227
68.0 -309.35209004271803
69.0 -110.0
70.0 -13.0
71.0 -1459.2548784947555
72.0 -10036.007179115182
73.0 -2005.5624814106798
74.0 -667.6824689322896
75.0 -150.9655603422369
76.0 -10000.0
77.0 -10289.233446283622
78.0 -2956.4049059940216
79.0 -2142.573095278025
80.0 -42.38770810128403
81.0 -1555.4729272430968
82.0 -9459.40600642817
83.0 -10000.0
84.0 -10009.899111993343
85.0 -8661.701515463448
86.0 -226.4323336644369
87.0 -2186.6351014235815
88.0 -172.53232022864478
89.0 -348.0
90.0 -99.0
91.0 -226.54867192577765
92.0 -13.0
93.0 -81.82255670590575
94.0 -471.9890103624815
95.0 -16.0
96.0 -243.95174983783363
97.0 -3349.32548233953
98.0 -121.0
99.0 -1332.0483794871852
100.0 0.0
