1.0 -1425.6695302798303
2.0 -1078.9493738699953
3.0 -918.0
4.0 -1207.2240249948686
5.0 -540.8737062808827
6.0 -18.0
7.0 -463.6913270202439
8.0 -313.0
9.0 -6.0
10.0 -1263.5138050788933
11.0 -583.2755767116429
12.0 -19.0
13.0 -431.95055380919
14.0 -976.0
15.0 -10000.0
16.0 -3403.427134835134
17.0 -672.0
18.0 -153.16236441617534
19.0 -6596.543483506958
20.0 -779.0
21.0 -136.78463073247374
22.0 -8707.227119116254
23.0 -10041.060804468347
24.0 -5464.679922673629
25.0 -324.1092527126995
26.0 -1814.0901538328797
27.0 -371.75874588061805
28.0 -31.0
29.0 -15.0
30.0 -60.21558867517836
31.0 -512.9367549728386
32.0 -23.0
33.0 -4623.821960061043
34.0 -1419.4568345806715
35.0 -182.8810224698179
36.0 -596.0
37.0 -66.0
38.0 -225.70653393942206
39.0 -2262.158224054589
40.0 -1228.1380305201765
41.0 -1101.6466756357484
42.0 -19.0
43.0 -620.3953075564053
44.0 -531.0501920131264
45.0 -2291.1630659455022
46.0 -10846.497719656792
47.0 -2120.0
48.0 -141.41491337716215
49.0 -496.7088326452092
50.0 -882.6086275913608
51.0 -240.37763578629026
52.0 -10.0
53.0 -1367.7454436551745
54.0 -745.8353652401329
55.0 -3943.0
56.0 -552.2487281965404
57.0 -10000.0
58.0 -471.704806472894
59.0 -15.0
60.0 -14.0
61.0 -6390.5474967768
62.0 -1162.4366331364931
63.0 -7702.581659808894
64.0 -11749.070327225762
65.0 -4498.0
66.0 -1496.0
67.0 -7517.072134486619
68.0 -1.0
69.0 -1.0
70.0 -1034.4232750749095
71.0 -57.81029564340031
72.0 -2012.8676867620643
73.0 -23.0
74.0 -202.0
75.0 -3212.241952960222
76.0 -2764.966120552653
77.0 -128.41365403073576
78.0 -10132.323528390863
79.0 -1600.7525631989622
80.0 -290.13495234773296
81.0 -21.0
82.0 -294.76503414037523
83.0 -997.0365085890934
84.0 -2941.4978607547946
85.0 -26.0
86.0 -6439.624486445061
87.0 -9034.559048346737
88.0 -366.13694759130414
89.0 -133.83879077528965
90.0 -747.1138633099549
91.0 -4573.0
92.0 -742.4461241417397
93.0 -5162.307079660682
94.0 -17.276980386518684
95.0 -21.0
96.0 -405.19538375533796
97.0 -2.0
98.0 -893.4513704563972
99.0 -10.0
100.0 -136.79377866307038
