1.0 -15.0
2.0 -7125.9270254488
3.0 -11454.809802789565
4.0 -837.0
5.0 -337.560062270945
6.0 -648.1965506497792
7.0 -2591.0
8.0 -30.934478917370328
9.0 -344.70964854138737
10.0 -29.0
11.0 -3.0
12.0 -24.014417732237817
13.0 -10538.843414425528
14.0 -18.0
15.0 -32.0
16.0 -7.0
17.0 0.0
18.0 -4831.299121440684
19.0 -2768.222514965252
20.0 -1388.183614534632
21.0 -1092.5328900722789
22.0 -102.18876165583552
23.0 -91.44909422901749
24.0 -1847.7910183098688
25.0 -161.26640908651655
26.0 -5282.870117724515
27.0 -726.0676881950311
28.0 -782.0
29.0 -385.96949288066537
30.0 -5889.0
31.0 -1783.4148598098325
32.0 -37.0
33.0 -555.971938131137
34.0 -69.0
35.0 -351.9905427382003
36.0 -10873.24633642321
37.0 -2736.5018279782744
38.0 -60.0
39.0 -3984.3869865797888
40.0 -217.57462510613007
41.0 -22.0
42.0 -55.0
43.0 -547.0
44.0 -958.2515411565843
45.0 -14.0
46.0 -224.0
47.0 -779.9859997156149
48.0 -3.0
49.0 -770.83185040843
50.0 -18.0
51.0 -45.1779445786963
52.0 -4736.141061059546
53.0 -210.2194456162697
54.0 -47.0
55.0 -787.0
56.0 -3178.0
57.0 -688.1397133631692
58.0 -711.781130498852
59.0 -542.6479190334292
60.0 -99.0
61.0 -1063.0
62.0 -35.0
63.0 -38.33006166108338
64.0 -9.0
65.0 -435.4949681176955
66.0 -756.3972830866362
67.0 -1031.0
68.0 -886.5006288363251
69.0 -4.0
70.0 -1183.5469279781971
71.0 -11422.823014010604
72.0 -7783.425348055573
73.0 -2372.0
74.0 -2.0
75.0 -4426.875598769155
76.0 -97.0
77.0 -4134.668376337137
78.0 -10093.11574601055
79.0 -563.3324290758422
80.0 -11234.867609226534
81.0 -877.0360047806163
82.0 -2390.3160871611226
83.0 -10439.157313256437
84.0 -9949.366265594263
85.0 -338.0
86.0 -67.0
87.0 -8.0
88.0 -3492.0444529317992
89.0 -3180.0
90.0 -92.0
91.0 -5363.0
92.0 -58.13838685596202
93.0 -107.40498742754241
94.0 -1654.9421082672798
95.0 -5262.690150138398
96.0 -562.8354359003426
97.0 -1655.3552786044036
98.0 -122.80823263228166
99.0 -681.0
100.0 -349.0
