1.0 -2636.020284164383
2.0 -839.291943588458
3.0 -5472.808996726314
4.0 -194.30160785699422
5.0 -5475.0
6.0 -427.8622981053892
7.0 -450.3578556165013
8.0 -7.0
9.0 -1395.3613548032902
10.0 -7227.1969317319035
11.0 -17.0
12.0 -217.30821257264375
13.0 -9268.59389978603
14.0 -38.0
15.0 -124.0
16.0 -1038.8074695034197
17.0 -11.0
18.0 -1.0
19.0 -5587.8094821393815
20.0 -986.9401206549107
21.0 -158.0
22.0 -10000.0
23.0 -8493.067044027957
24.0 -130.0
25.0 -10.0
26.0 -4565.28060537384
27.0 -52.0
28.0 -124.80895428710132
29.0 -5412.561199822661
30.0 -5.0
31.0 -1925.5343152772973
32.0 -10268.64793347437
33.0 -6424.38364459159
34.0 -51.0
35.0 -24.977576980366543
36.0 0.0
37.0 -972.2888587867283
38.0 -1451.8278197237942
39.0 -2558.6934317405453
40.0 -334.69235529067845
41.0 -163.0
42.0 -713.579373972083
43.0 -359.5931440086995
44.0 -620.0868383726488
45.0 -302.87451175618196
46.0 -356.318213937429
47.0 -11135.21904496667
48.0 -432.0
49.0 -10000.0
50.0 -370.1680044948853
51.0 -277.398835250029
52.0 -25.801027182285942
53.0 -3.0
54.0 -108.35893986890913
55.0 -431.0
56.0 -36.120465984236304
57.0 -10011.03431918261
58.0 -6641.17666091124
59.0 -12.0
60.0 -4.0
61.0 -4280.0
62.0 -157.0
63.0 -16.0
64.0 -79.36840153562788
65.0 -1194.0
66.0 -307.3649424637618
67.0 -1601.8358218941228
68.0 -170.0
69.0 -49.0
70.0 -158.58060384198353
71.0 -351.0
72.0 -3115.0891356289867
73.0 -138.0
74.0 -3026.518287935195
75.0 -5.0
76.0 -452.158978645639
77.0 -595.1873227253292
78.0 -5015.1009860942895
79.0 -10497.336697332647
80.0 -1991.993739705381
81.0 -424.0
82.0 -13.0
83.0 -246.0
84.0 -55.70504721043321
85.0 -549.0
86.0 -5332.90809315727
87.0 -349.3105612720917
88.0 -5.0
89.0 -3.0
90.0 -2667.5607764850142
91.0 -772.0305812205542
92.0 -274.42244068919337
93.0 -74.38187465602643
94.0 -19.0
95.0 -2026.3839165242139
96.0 -35.19271176918078
97.0 -114.74314107769716
98.0 -716.5374152146292
99.0 -817.0709355506231
100.0 -1.0
