1.0 -215.20554992122055
2.0 -10519.506790635021
3.0 -10000.0
4.0 -9681.344923658477
5.0 -1408.3034963685323
6.0 -970.6600583188583
7.0 -5516.502560134819
8.0 -10194.885606436757
9.0 -10.0
10.0 -5618.862921916021
11.0 -15.0
12.0 -560.3232014142421
13.0 -317.10863569019875
14.0 -2521.5235546518393
15.0 -32.63858711763714
16.0 -2064.1775884934736
17.0 -285.97042230803333
18.0 -207.71425883381497
19.0 -128.67597617303898
20.0 -284.90446080066926
21.0 -31.0
22.0 -76.09680441699865
23.0 -308.022458048321
24.0 -33.0
25.0 -1007.0
26.0 -720.009686829149
27.0 -2263.0
28.0 -491.8168020021883
29.0 -235.25811157809304
30.0 -3.0
31.0 -1320.950261942552
32.0 -3033.0
33.0 -5876.084197659002
34.0 -2828.0
35.0 -765.5526222297143
36.0 -3009.0
37.0 -6740.471616409253
38.0 -1763.9320216235258
39.0 -2426.0
40.0 -1993.4803279641883
41.0 -200.33839614193914
42.0 -10263.088723648416
43.0 -1640.0
44.0 -297.0
45.0 -10533.35212483494
46.0 -4280.0
47.0 -4974.0
48.0 -807.2744284851051
49.0 -10.0
50.0 -555.6923345826441
51.0 -1.0
52.0 -992.0
53.0 -29.0
54.0 -219.36617697918726
55.0 -1271.8981963363674
56.0 -145.0
57.0 -1272.449909249404
58.0 -1297.1691043257647
59.0 -2447.9144882408427
60.0 -23.0
61.0 -3.0
62.0 -1956.182418167056
63.0 -82.76827382702346
64.0 -1457.9045761535895
65.0 -9.0
66.0 -8.0
67.0 -10015.457690897267
68.0 -63.17976250740724
69.0 -135.0865154304132
70.0 -10100.245684637104
71.0 -346.0
72.0 -10000.0
73.0 -5468.808286286388
74.0 -668.3619391062432
75.0 -2318.0
76.0 -6849.629098365379
77.0 -145.0
78.0 -3159.2414471700968
79.0 -352.1934158226995
80.0 -1.0
81.0 -655.0
82.0 -7147.101617916093
83.0 -97.0
84.0 -156.0
85.0 -1346.1016198554248
86.0 -990.5432320357507
87.0 -28.0
88.0 -320.0
89.0 -1494.8597960678303
90.0 -1934.2035582274248
91.0 -358.38885078305384
92.0 -78.0
93.0 -2254.972986986084
94.0 -182.0
95.0 -17.0
96.0 -579.86627424828
97.0 -2829.53681801218
98.0 -722.0
99.0 -4.0
100.0 -286.70628863758367
