0.0 0.0 -23.90322030307926 
0.0 0.1 -23.903220303072267 
0.0 0.2 -23.903220303071432 
0.0 0.30000000000000004 -34.649598616816476 
0.0 0.4 -47.732011668409164 
0.0 0.5 -44.50616053555513 
0.0 0.6 -30.64977242464074 
0.0 0.7 -29.714125243319845 
0.0 0.7999999999999999 -29.487181599094235 
0.0 0.8999999999999999 -29.41921847551668 
0.0 0.9999999999999999 -29.397027821310676 
0.1 0.0 -23.90322028758589 
0.1 0.1 -23.903220286141735 
0.1 0.2 -23.90322028457286 
0.1 0.30000000000000004 -23.903220475011736 
0.1 0.4 -47.70429201029288 
0.1 0.5 -47.743880041652254 
0.1 0.6 -47.51905662001434 
0.1 0.7 -37.64112123152625 
0.1 0.7999999999999999 -32.06161589215288 
0.1 0.8999999999999999 -30.2079043694701 
0.1 0.9999999999999999 -29.65078663997818 
0.2 0.0 -23.90321708764161 
0.2 0.1 -23.90321678937102 
0.2 0.2 -23.90321646344576 
0.2 0.30000000000000004 -23.90321637438521 
0.2 0.4 -23.90876651376107 
0.2 0.5 -47.73594723727729 
0.2 0.6 -47.776697305690135 
0.2 0.7 -50.18934587777182 
0.2 0.7999999999999999 -49.7142703329994 
0.2 0.8999999999999999 -42.17058963333118 
0.2 0.9999999999999999 -34.96178559985737 
0.30000000000000004 0.0 -23.902556231958286 
0.30000000000000004 0.1 -23.902494637808264 
0.30000000000000004 0.2 -23.902427331185418 
0.30000000000000004 0.30000000000000004 -23.9023541523608 
0.30000000000000004 0.4 -23.909979754966866 
0.30000000000000004 0.5 -31.306830298912804 
0.30000000000000004 0.6 -47.09137711887392 
0.30000000000000004 0.7 -47.87293968983694 
0.30000000000000004 0.7999999999999999 -53.267082509864366 
0.30000000000000004 0.8999999999999999 -54.13970692338185 
0.30000000000000004 0.9999999999999999 -51.24117425309058 
0.4 0.0 -23.768142436339236 
0.4 0.1 -23.75582068974221 
0.4 0.2 -23.742395637560104 
0.4 0.30000000000000004 -23.727772688427937 
0.4 0.4 -23.721080405602983 
0.4 0.5 -30.384744211645952 
0.4 0.6 -41.3259572472647 
0.4 0.7 -41.831716352899555 
0.4 0.7999999999999999 -34.43168444110456 
0.4 0.8999999999999999 -25.91263143250948 
0.4 0.9999999999999999 -21.31658332192606 
0.5 0.0 -17.144429660261608 
0.5 0.1 -17.004722535939802 
0.5 0.2 -16.87171597829101 
0.5 0.30000000000000004 -16.745423837690392 
0.5 0.4 -16.62499115483228 
0.5 0.5 -19.212326766011177 
0.5 0.6 -28.88989290390496 
0.5 0.7 -34.98440983257066 
0.5 0.7999999999999999 -13.242206234850132 
0.5 0.8999999999999999 -8.412245775831144 
0.5 0.9999999999999999 -7.786736553537575 
0.6 0.0 -15.040141541933187 
0.6 0.1 -15.039001755432981 
0.6 0.2 -15.037958463962616 
0.6 0.30000000000000004 -15.037003891936395 
0.6 0.4 -15.038364747024447 
0.6 0.5 -17.04269565154772 
0.6 0.6 -26.131542569424706 
0.6 0.7 -9.226823162393586 
0.6 0.7999999999999999 -7.715817311836069 
0.6 0.8999999999999999 -7.704765534498244 
0.6 0.9999999999999999 -7.703693151438797 
0.7 0.0 -15.799174589670766 
0.7 0.1 -15.79917190246054 
0.7 0.2 -15.799315425664771 
0.7 0.30000000000000004 -15.827411419729225 
0.7 0.4 -18.666078691875825 
0.7 0.5 -22.29107517759691 
0.7 0.6 -22.34970688813873 
0.7 0.7 -7.707369245717882 
0.7 0.7999999999999999 -7.703576515191978 
0.7 0.8999999999999999 -7.7023518382081875 
0.7 0.9999999999999999 -1.1621822680362865 
0.7999999999999999 0.0 -15.798427756652842 
0.7999999999999999 0.1 -15.7962422660047 
0.7999999999999999 0.2 -15.78771744962569 
0.7999999999999999 0.30000000000000004 -15.760953274799741 
0.7999999999999999 0.4 -16.64554243404848 
0.7999999999999999 0.5 -22.107055344531524 
0.7999999999999999 0.6 -22.335407452598147 
0.7999999999999999 0.7 -22.33703302337284 
0.7999999999999999 0.7999999999999999 -1.161656404011649 
0.7999999999999999 0.8999999999999999 -1.1616563938656326 
0.7999999999999999 0.9999999999999999 -1.1616563938656324 
0.8999999999999999 0.0 -15.362470599152031 
0.8999999999999999 0.1 -14.333481846153143 
0.8999999999999999 0.2 -12.128868103223208 
0.8999999999999999 0.30000000000000004 -9.84690838079264 
0.8999999999999999 0.4 -8.762349047557343 
0.8999999999999999 0.5 -10.011822774733714 
0.8999999999999999 0.6 -20.380039073669643 
0.8999999999999999 0.7 -1.6360885522163056 
0.8999999999999999 0.7999999999999999 -1.1616563938656324 
0.8999999999999999 0.8999999999999999 -1.1616563938656324 
0.8999999999999999 0.9999999999999999 -1.1616563938656324 
0.9999999999999999 0.0 -8.431301866556888 
0.9999999999999999 0.1 -8.287675704755442 
0.9999999999999999 0.2 -8.250162008822102 
0.9999999999999999 0.30000000000000004 -8.240539244804307 
0.9999999999999999 0.4 -8.238097662159902 
0.9999999999999999 0.5 -8.238180255822307 
0.9999999999999999 0.6 -8.27041603262549 
0.9999999999999999 0.7 -1.1616570240081043 
0.9999999999999999 0.7999999999999999 -1.1616563938656321 
0.9999999999999999 0.8999999999999999 -1.1616563938656324 
0.9999999999999999 0.9999999999999999 -1.1616563938656324 
