0.0 0.0 -22.49219491571 
0.0 0.1 -22.48999368531433 
0.0 0.2 -3.0214188878950465 
0.0 0.30000000000000004 -3.021418581538589 
0.0 0.4 -3.0214234212291413 
0.0 0.5 -3.022219349669705 
0.0 0.6 -3.172657794727148 
0.0 0.7 -18.76107070574763 
0.0 0.7999999999999999 -24.981003424102706 
0.0 0.8999999999999999 -25.221087682112245 
0.0 0.9999999999999999 -25.353223207666755 
0.1 0.0 -22.492428410634325 
0.1 0.1 -22.494006563392908 
0.1 0.2 -22.501265895663053 
0.1 0.30000000000000004 -3.124033474368269 
0.1 0.4 -3.021424552204039 
0.1 0.5 -3.022352669858859 
0.1 0.6 -3.1735425052480872 
0.1 0.7 -14.256113371870688 
0.1 0.7999999999999999 -25.039187333471478 
0.1 0.8999999999999999 -29.50002149363999 
0.1 0.9999999999999999 -24.84940383294909 
0.2 0.0 -22.492863870676576 
0.2 0.1 -22.495797346779224 
0.2 0.2 -22.508029522790377 
0.2 0.30000000000000004 -22.5937385538382 
0.2 0.4 -24.762398423242786 
0.2 0.5 -5.391209026920643 
0.2 0.6 -41.581978031851435 
0.2 0.7 -47.64545312888243 
0.2 0.7999999999999999 -34.42732122056936 
0.2 0.8999999999999999 -23.070088578418424 
0.2 0.9999999999999999 -21.789072014852696 
0.30000000000000004 0.0 -22.493675603124647 
0.30000000000000004 0.1 -22.499134068589086 
0.30000000000000004 0.2 -22.521422594679375 
0.30000000000000004 0.30000000000000004 -22.618247681946375 
0.30000000000000004 0.4 -23.855058590384974 
0.30000000000000004 0.5 -25.752668875585947 
0.30000000000000004 0.6 -47.19307044308888 
0.30000000000000004 0.7 -35.61163351640768 
0.30000000000000004 0.7999999999999999 -25.96682503129947 
0.30000000000000004 0.8999999999999999 -21.782824546445458 
0.30000000000000004 0.9999999999999999 -21.758882809128536 
0.4 0.0 -22.495187902227315 
0.4 0.1 -22.50533003962515 
0.4 0.2 -22.546178628014356 
0.4 0.30000000000000004 -22.701336749573358 
0.4 0.4 -23.415478920133854 
0.4 0.5 -25.625343719014737 
0.4 0.6 -25.930535665457946 
0.4 0.7 -42.51659131191723 
0.4 0.7999999999999999 -21.967515368740912 
0.4 0.8999999999999999 -20.55514491088769 
0.4 0.9999999999999999 -20.4172247816229 
0.5 0.0 -21.22882150369051 
0.5 0.1 -22.515952967812527 
0.5 0.2 -22.590836968339204 
0.5 0.30000000000000004 -22.847532207008182 
0.5 0.4 -23.500773003343248 
0.5 0.5 -25.201293395514526 
0.5 0.6 -26.446385682250785 
0.5 0.7 -42.969087731842414 
0.5 0.7999999999999999 -29.65065338583816 
0.5 0.8999999999999999 -20.534576863406688 
0.5 0.9999999999999999 -20.380706749230544 
0.6 0.0 -14.054788838109806 
0.6 0.1 -14.054798605490289 
0.6 0.2 -14.054811850277899 
0.6 0.30000000000000004 -14.061803488062791 
0.6 0.4 -20.338862369677663 
0.6 0.5 -21.1140109781647 
0.6 0.6 -26.935590630822762 
0.6 0.7 -43.01040890079396 
0.6 0.7999999999999999 -40.372140646312815 
0.6 0.8999999999999999 -20.698572584501353 
0.6 0.9999999999999999 -20.34541410018561 
0.7 0.0 -14.15269795059482 
0.7 0.1 -14.158000785779587 
0.7 0.2 -14.16358680853674 
0.7 0.30000000000000004 -14.169561836646475 
0.7 0.4 -14.994401371253788 
0.7 0.5 -15.770168909327197 
0.7 0.6 -15.667795146474004 
0.7 0.7 -41.535869125312686 
0.7 0.7999999999999999 -42.74700596168239 
0.7 0.8999999999999999 -20.945270512836075 
0.7 0.9999999999999999 -0.9649319920305549 
0.7999999999999999 0.0 -21.805918527422058 
0.7999999999999999 0.1 -21.862910028065134 
0.7999999999999999 0.2 -21.917725780788448 
0.7999999999999999 0.30000000000000004 -21.970456072242463 
0.7999999999999999 0.4 -22.00413601556145 
0.7999999999999999 0.5 -21.37314453450064 
0.7999999999999999 0.6 -20.510382447982902 
0.7999999999999999 0.7 -19.456070222028565 
0.7999999999999999 0.7999999999999999 -0.9639589801572447 
0.7999999999999999 0.8999999999999999 -0.9639589801572441 
0.7999999999999999 0.9999999999999999 -0.9639589801572441 
0.8999999999999999 0.0 -23.073067536580336 
0.8999999999999999 0.1 -23.073205452833818 
0.8999999999999999 0.2 -23.07333622118976 
0.8999999999999999 0.30000000000000004 -23.07345587851473 
0.8999999999999999 0.4 -23.038119175409488 
0.8999999999999999 0.5 -22.929985191615852 
0.8999999999999999 0.6 -22.9158044190557 
0.8999999999999999 0.7 -0.9640113185744973 
0.8999999999999999 0.7999999999999999 -0.9639589801572442 
0.8999999999999999 0.8999999999999999 -0.963958980157244 
0.8999999999999999 0.9999999999999999 -0.9639589801572441 
0.9999999999999999 0.0 -23.075723233443053 
0.9999999999999999 0.1 -23.075723481945253 
0.9999999999999999 0.2 -23.075723717437032 
0.9999999999999999 0.30000000000000004 -23.075722604626126 
0.9999999999999999 0.4 -23.062850202080792 
0.9999999999999999 0.5 -22.947295887905998 
0.9999999999999999 0.6 -22.9470639191107 
0.9999999999999999 0.7 -0.9639589801572641 
0.9999999999999999 0.7999999999999999 -0.9639589801572441 
0.9999999999999999 0.8999999999999999 -0.9639589801572442 
0.9999999999999999 0.9999999999999999 -0.9639589801572442 
