0.0 0.0 -3.5887754482851544 
0.0 0.1 -3.588775448267163 
0.0 0.2 -3.588775448253842 
0.0 0.30000000000000004 -3.5896023765187755 
0.0 0.4 -16.11341712330011 
0.0 0.5 -15.519137577511176 
0.0 0.6 -15.047547940103563 
0.0 0.7 -14.984133512600735 
0.0 0.7999999999999999 -16.196526756247195 
0.0 0.8999999999999999 -16.42674538253383 
0.0 0.9999999999999999 -16.400274890745056 
0.1 0.0 -3.5887755112801765 
0.1 0.1 -3.588775494909471 
0.1 0.2 -3.5887754827883938 
0.1 0.30000000000000004 -3.588775473813796 
0.1 0.4 -3.588823068957968 
0.1 0.5 -22.660843114002596 
0.1 0.6 -21.703824112270922 
0.1 0.7 -22.535309662176402 
0.1 0.7999999999999999 -24.567343533448412 
0.1 0.8999999999999999 -22.718339171186894 
0.1 0.9999999999999999 -20.656998668830543 
0.2 0.0 -3.588832829437202 
0.2 0.1 -3.5888179340543065 
0.2 0.2 -3.588806905298364 
0.2 0.30000000000000004 -3.5887987394538388 
0.2 0.4 -3.5887926934239722 
0.2 0.5 -4.108232600482878 
0.2 0.6 -39.963234946992024 
0.2 0.7 -38.572305543166934 
0.2 0.7999999999999999 -42.185066025303 
0.2 0.8999999999999999 -44.7411662209501 
0.2 0.9999999999999999 -44.91647968318588 
0.30000000000000004 0.0 -3.6407318817410554 
0.30000000000000004 0.1 -3.627293361503389 
0.30000000000000004 0.2 -3.6173213616527398 
0.30000000000000004 0.30000000000000004 -3.609925899087477 
0.30000000000000004 0.4 -3.604443575266478 
0.30000000000000004 0.5 -3.6004313689753027 
0.30000000000000004 0.6 -22.860364395034146 
0.30000000000000004 0.7 -34.2117941895953 
0.30000000000000004 0.7999999999999999 -39.88400127771313 
0.30000000000000004 0.8999999999999999 -41.26248948139109 
0.30000000000000004 0.9999999999999999 -41.37010645697139 
0.4 0.0 -12.297787493645862 
0.4 0.1 -11.77183599267098 
0.4 0.2 -11.154720838885487 
0.4 0.30000000000000004 -10.45533645556934 
0.4 0.4 -9.693214159592436 
0.4 0.5 -8.89742879038311 
0.4 0.6 -24.834979722920124 
0.4 0.7 -55.10577425130007 
0.4 0.7999999999999999 -48.09113425121219 
0.4 0.8999999999999999 -47.697391772181916 
0.4 0.9999999999999999 -48.064387239950804 
0.5 0.0 -14.250124103948087 
0.5 0.1 -14.249202255648989 
0.5 0.2 -14.247957461920095 
0.5 0.30000000000000004 -14.2462767069944 
0.5 0.4 -14.244007523432598 
0.5 0.5 -14.240944301415706 
0.5 0.6 -55.49920375000605 
0.5 0.7 -62.512711518788166 
0.5 0.7999999999999999 -59.25202673252665 
0.5 0.8999999999999999 -48.80214392141142 
0.5 0.9999999999999999 -48.48175228157828 
0.6 0.0 -14.252751446154546 
0.6 0.1 -14.252750432423674 
0.6 0.2 -14.25274906328078 
0.6 0.30000000000000004 -14.25274721411926 
0.6 0.4 -14.25274471664586 
0.6 0.5 -14.252741344030342 
0.6 0.6 -62.07620002852963 
0.6 0.7 -62.635051518949346 
0.6 0.7999999999999999 -62.6034408624106 
0.6 0.8999999999999999 -59.22821062279984 
0.6 0.9999999999999999 -48.7892677665325 
0.7 0.0 -14.252754334408984 
0.7 0.1 -14.252754333294861 
0.7 0.2 -14.252754331790122 
0.7 0.30000000000000004 -14.252754329757824 
0.7 0.4 -14.252754327013008 
0.7 0.5 -14.252754330179444 
0.7 0.6 -62.59720767112931 
0.7 0.7 -62.63552505988381 
0.7 0.7999999999999999 -62.51843283140085 
0.7 0.8999999999999999 -1.1820714693079122 
0.7 0.9999999999999999 -1.1820710748949752 
0.7999999999999999 0.0 -14.252754337583282 
0.7999999999999999 0.1 -14.252754337582056 
0.7999999999999999 0.2 -14.252754337580402 
0.7999999999999999 0.30000000000000004 -14.25275433757817 
0.7999999999999999 0.4 -14.252754337575151 
0.7999999999999999 0.5 -14.252754438966317 
0.7999999999999999 0.6 -61.594383632525314 
0.7999999999999999 0.7 -1.1820711185272759 
0.7999999999999999 0.7999999999999999 -1.1820710748949752 
0.7999999999999999 0.8999999999999999 -1.1820710748949752 
0.7999999999999999 0.9999999999999999 -1.1820710748949752 
0.8999999999999999 0.0 -14.25275433758677 
0.8999999999999999 0.1 -14.252754337586767 
0.8999999999999999 0.2 -14.252754337586765 
0.8999999999999999 0.30000000000000004 -14.252754337586762 
0.8999999999999999 0.4 -14.25275433758676 
0.8999999999999999 0.5 -1.2152550538317597 
0.8999999999999999 0.6 -1.1820710748949754 
0.8999999999999999 0.7 -1.1820710748949752 
0.8999999999999999 0.7999999999999999 -1.1820710748949752 
0.8999999999999999 0.8999999999999999 -1.1820710748949752 
0.8999999999999999 0.9999999999999999 -1.1820710748949752 
0.9999999999999999 0.0 -14.252754337586772 
0.9999999999999999 0.1 -14.252754337586772 
0.9999999999999999 0.2 -14.252754337586772 
0.9999999999999999 0.30000000000000004 -14.252754337586772 
0.9999999999999999 0.4 -1.2091078045331025 
0.9999999999999999 0.5 -1.1820710748949752 
0.9999999999999999 0.6 -1.1820710748949752 
0.9999999999999999 0.7 -1.1820710748949752 
0.9999999999999999 0.7999999999999999 -1.1820710748949752 
0.9999999999999999 0.8999999999999999 -1.1820710748949752 
0.9999999999999999 0.9999999999999999 -1.1820710748949752 
