0.0 0.0 -1.4285714285714288 
0.0 0.1 -1.4285714285714288 
0.0 0.2 -1.4285714285714288 
0.0 0.30000000000000004 -4.52306691903563 
0.0 0.4 -4.523074140995718 
0.0 0.5 -4.525089901207353 
0.0 0.6 -5.165979074864299 
0.0 0.7 -20.72860965665271 
0.0 0.7999999999999999 -24.202933310879338 
0.0 0.8999999999999999 -25.09967474037135 
0.0 0.9999999999999999 -25.648593206979537 
0.1 0.0 -1.4285714285714288 
0.1 0.1 -1.4285714285714288 
0.1 0.2 -1.4285714285714288 
0.1 0.30000000000000004 -1.473610012803933 
0.1 0.4 -4.523067872880915 
0.1 0.5 -4.523333553893705 
0.1 0.6 -4.602381599172188 
0.1 0.7 -18.181458835665232 
0.1 0.7999999999999999 -33.9623503045783 
0.1 0.8999999999999999 -37.5418882708595 
0.1 0.9999999999999999 -40.671783468831556 
0.2 0.0 -1.4285714285714288 
0.2 0.1 -1.4285714285714288 
0.2 0.2 -1.4285714285714288 
0.2 0.30000000000000004 -1.4285715140728743 
0.2 0.4 -8.127969305932687 
0.2 0.5 -4.523301359215083 
0.2 0.6 -4.586772403367363 
0.2 0.7 -41.815333977687416 
0.2 0.7999999999999999 -46.856294872446895 
0.2 0.8999999999999999 -46.67823758225239 
0.2 0.9999999999999999 -45.85489291696501 
0.30000000000000004 0.0 -1.4285714285714288 
0.30000000000000004 0.1 -1.4285714285714288 
0.30000000000000004 0.2 -1.4285714285714288 
0.30000000000000004 0.30000000000000004 -1.435832669748015 
0.30000000000000004 0.4 -36.77830141006897 
0.30000000000000004 0.5 -36.77836874475949 
0.30000000000000004 0.6 -36.77497964597748 
0.30000000000000004 0.7 -47.070795992113844 
0.30000000000000004 0.7999999999999999 -47.22593872024033 
0.30000000000000004 0.8999999999999999 -47.232425303918006 
0.30000000000000004 0.9999999999999999 -47.219290767246655 
0.4 0.0 -1.4285714285714288 
0.4 0.1 -1.4285714285714286 
0.4 0.2 -1.428571428571429 
0.4 0.30000000000000004 -30.32820833663403 
0.4 0.4 -34.902115422892145 
0.4 0.5 -36.331706837653165 
0.4 0.6 -36.66168813370899 
0.4 0.7 -36.69678379461118 
0.4 0.7999999999999999 -44.200990526798755 
0.4 0.8999999999999999 -47.23684591677657 
0.4 0.9999999999999999 -47.23679433017387 
0.5 0.0 -1.428571428571429 
0.5 0.1 -1.428571428571429 
0.5 0.2 -1.4285714285714293 
0.5 0.30000000000000004 -24.618930733065366 
0.5 0.4 -24.697431639090954 
0.5 0.5 -25.210011438898967 
0.5 0.6 -28.697974453176734 
0.5 0.7 -34.91222659120535 
0.5 0.7999999999999999 -36.4954474532237 
0.5 0.8999999999999999 -36.65217056076618 
0.5 0.9999999999999999 -47.236858802415966 
0.6 0.0 -1.428571428571429 
0.6 0.1 -1.428571428571429 
0.6 0.2 -1.428571428571429 
0.6 0.30000000000000004 -2.765774657563158 
0.6 0.4 -24.618233410485193 
0.6 0.5 -24.621428021118252 
0.6 0.6 -24.66099798476501 
0.6 0.7 -25.139701132355228 
0.6 0.7999999999999999 -29.017289482631842 
0.6 0.8999999999999999 -35.21365511129309 
0.6 0.9999999999999999 -36.530401075723226 
0.7 0.0 -1.4285714285714288 
0.7 0.1 -1.428571428571429 
0.7 0.2 -1.428571428571429 
0.7 0.30000000000000004 -1.4285714434715118 
0.7 0.4 -24.617937964961953 
0.7 0.5 -24.617963083317328 
0.7 0.6 -24.61828278703044 
0.7 0.7 -24.622357221252727 
0.7 0.7999999999999999 -24.674091235251975 
0.7 0.8999999999999999 -25.297152283584587 
0.7 0.9999999999999999 -29.828052141461512 
0.7999999999999999 0.0 -1.4285714285714293 
0.7999999999999999 0.1 -1.428571428571429 
0.7999999999999999 0.2 -1.4285714285714288 
0.7999999999999999 0.30000000000000004 -1.428571428571429 
0.7999999999999999 0.4 -24.617935676728557 
0.7999999999999999 0.5 -24.617936030795214 
0.7999999999999999 0.6 -24.61793863449241 
0.7999999999999999 0.7 -24.61797185557657 
0.7999999999999999 0.7999999999999999 -24.618395737830376 
0.7999999999999999 0.8999999999999999 -24.623801923461134 
0.7999999999999999 0.9999999999999999 -24.692362338087406 
0.8999999999999999 0.0 -1.428571428571429 
0.8999999999999999 0.1 -1.428571428571429 
0.8999999999999999 0.2 -1.428571428571429 
0.8999999999999999 0.30000000000000004 -1.4285714285714288 
0.8999999999999999 0.4 -1.4285714295519336 
0.8999999999999999 0.5 -24.617935811135485 
0.8999999999999999 0.6 -24.61793583236318 
0.8999999999999999 0.7 -24.6179361032326 
0.8999999999999999 0.7999999999999999 -24.617939559593843 
0.8999999999999999 0.8999999999999999 -24.617983663540368 
0.8999999999999999 0.9999999999999999 -24.61854641401672 
0.9999999999999999 0.0 -1.428571428571429 
0.9999999999999999 0.1 -1.4285714285714293 
0.9999999999999999 0.2 -1.428571428571429 
0.9999999999999999 0.30000000000000004 -1.4285714285714288 
0.9999999999999999 0.4 -1.4285714285714293 
0.9999999999999999 0.5 -1.4292612483914364 
0.9999999999999999 0.6 -24.6179358095182 
0.9999999999999999 0.7 -24.61793581172682 
0.9999999999999999 0.7999999999999999 -24.617935839909414 
0.9999999999999999 0.8999999999999999 -24.61793619952735 
0.9999999999999999 0.9999999999999999 -24.61794078835358 
