0.0 0.0 -50.098457920185936 
0.0 0.1 -49.20055946636781 
0.0 0.2 -49.19882793980685 
0.0 0.30000000000000004 -48.0359560623643 
0.0 0.4 -23.223262246682925 
0.0 0.5 -22.649336291151904 
0.0 0.6 -21.79118001337882 
0.0 0.7 -19.927546561714195 
0.0 0.7999999999999999 -17.396078895799043 
0.0 0.8999999999999999 -16.01126852609013 
0.0 0.9999999999999999 -17.55621792691136 
0.1 0.0 -53.8651060332776 
0.1 0.1 -53.86019437566869 
0.1 0.2 -51.60048335012469 
0.1 0.30000000000000004 -49.222563543551736 
0.1 0.4 -49.219644045510414 
0.1 0.5 -49.20451588578848 
0.1 0.6 -32.62968911225681 
0.1 0.7 -26.792065309260053 
0.1 0.7999999999999999 -32.188618024460915 
0.1 0.8999999999999999 -38.07882401949247 
0.1 0.9999999999999999 -40.68917640440922 
0.2 0.0 -53.865645473744614 
0.2 0.1 -53.86557647348815 
0.2 0.2 -53.865515081045 
0.2 0.30000000000000004 -53.86434470156018 
0.2 0.4 -53.05535715136363 
0.2 0.5 -49.76896137366916 
0.2 0.6 -49.80439656477005 
0.2 0.7 -47.84146636108491 
0.2 0.7999999999999999 -41.31616098765199 
0.2 0.8999999999999999 -41.17006500615358 
0.2 0.9999999999999999 -35.140567805411635 
0.30000000000000004 0.0 -53.939529848395225 
0.30000000000000004 0.1 -53.930155238211526 
0.30000000000000004 0.2 -53.92194212057288 
0.30000000000000004 0.30000000000000004 -53.914751189972 
0.30000000000000004 0.4 -53.90845840322062 
0.30000000000000004 0.5 -53.902633320547054 
0.30000000000000004 0.6 -53.661621798390776 
0.30000000000000004 0.7 -52.58026525949432 
0.30000000000000004 0.7999999999999999 -40.32290086933906 
0.30000000000000004 0.8999999999999999 -3.144079144181899 
0.30000000000000004 0.9999999999999999 -1.5124634658652096 
0.4 0.0 -56.526103381468296 
0.4 0.1 -56.432504138486415 
0.4 0.2 -56.33292093882773 
0.4 0.30000000000000004 -56.22778686030725 
0.4 0.4 -56.11769421121813 
0.4 0.5 -56.003389498486285 
0.4 0.6 -55.88575734065556 
0.4 0.7 -50.39823289059688 
0.4 0.7999999999999999 -28.891050397454375 
0.4 0.8999999999999999 -3.6830793166512383 
0.4 0.9999999999999999 -1.5131048398367675 
0.5 0.0 -57.39375626195024 
0.5 0.1 -57.39254978668688 
0.5 0.2 -57.39116671334045 
0.5 0.30000000000000004 -57.38958136314826 
0.5 0.4 -57.38776437718759 
0.5 0.5 -57.38568220584228 
0.5 0.6 -57.383055717368435 
0.5 0.7 -12.260437720185466 
0.5 0.7999999999999999 -14.049248916691043 
0.5 0.8999999999999999 -8.832983693468158 
0.5 0.9999999999999999 -1.5341278863931482 
0.6 0.0 -57.40191509682295 
0.6 0.1 -57.40190651880837 
0.6 0.2 -57.40189667801444 
0.6 0.30000000000000004 -57.40188538855458 
0.6 0.4 -57.40187243717946 
0.6 0.5 -57.40182716230299 
0.6 0.6 -8.821595943026704 
0.6 0.7 -2.4185318463545955 
0.6 0.7999999999999999 -2.4290035273242006 
0.6 0.8999999999999999 -2.491989233568398 
0.6 0.9999999999999999 -3.25482407598396 
0.7 0.0 -57.401972953453914 
0.7 0.1 -57.40197289276394 
0.7 0.2 -57.401972823139374 
0.7 0.30000000000000004 -57.40197274326238 
0.7 0.4 -57.401938240324874 
0.7 0.5 -7.9587230550820385 
0.7 0.6 -2.156570690269702 
0.7 0.7 -2.1566086990031743 
0.7 0.7999999999999999 -2.156648736278793 
0.7 0.8999999999999999 -2.1566904567891183 
0.7 0.9999999999999999 -2.1572248070864193 
0.7999999999999999 0.0 -57.40197336278544 
0.7999999999999999 0.1 -57.40197336235606 
0.7999999999999999 0.2 -57.401973361860556 
0.7999999999999999 0.30000000000000004 -57.40193333588151 
0.7999999999999999 0.4 -7.218735372811489 
0.7999999999999999 0.5 -2.1556212075065653 
0.7999999999999999 0.6 -2.1556209348652673 
0.7999999999999999 0.7 -2.155619905808585 
0.7999999999999999 0.7999999999999999 -1.1531767910122248 
0.7999999999999999 0.8999999999999999 -1.1243832701588654 
0.7999999999999999 0.9999999999999999 -1.124383269194165 
0.8999999999999999 0.0 -57.40197336568138 
0.8999999999999999 0.1 -57.401973365674934 
0.8999999999999999 0.2 -57.401926805638674 
0.8999999999999999 0.30000000000000004 -6.564846136234122 
0.8999999999999999 0.4 -2.1556178207291783 
0.8999999999999999 0.5 -2.0326452624628235 
0.8999999999999999 0.6 -1.1243835172562155 
0.8999999999999999 0.7 -1.124383269194173 
0.8999999999999999 0.7999999999999999 -1.124383269194165 
0.8999999999999999 0.8999999999999999 -1.124383269194165 
0.8999999999999999 0.9999999999999999 -1.124383269194165 
0.9999999999999999 0.0 -57.401973365697906 
0.9999999999999999 0.1 -57.40191920417544 
0.9999999999999999 0.2 -5.986572650211785 
0.9999999999999999 0.30000000000000004 -1.1244470519940108 
0.9999999999999999 0.4 -1.1243832691962425 
0.9999999999999999 0.5 -1.124383269194165 
0.9999999999999999 0.6 -1.124383269194165 
0.9999999999999999 0.7 -1.124383269194165 
0.9999999999999999 0.7999999999999999 -1.124383269194165 
0.9999999999999999 0.8999999999999999 -1.124383269194165 
0.9999999999999999 0.9999999999999999 -1.124383269194165 
