0.0 0.0 -3.967660173901968 
0.0 0.1 -3.9557542599728377 
0.0 0.2 -3.5649924476477945 
0.0 0.30000000000000004 -2.6706920074093126 
0.0 0.4 -2.6057837803311252 
0.0 0.5 -2.6043584851664754 
0.0 0.6 -2.6207500046214376 
0.0 0.7 -6.929145886973241 
0.0 0.7999999999999999 -14.418579409745384 
0.0 0.8999999999999999 -28.525249860629604 
0.0 0.9999999999999999 -44.69449005310743 
0.1 0.0 -3.9679241268518397 
0.1 0.1 -3.9679236676932295 
0.1 0.2 -3.967919591410794 
0.1 0.30000000000000004 -3.967730027534388 
0.1 0.4 -3.9589586982980087 
0.1 0.5 -3.6467073076634833 
0.1 0.6 -2.8129642311705405 
0.1 0.7 -15.764026944249755 
0.1 0.7999999999999999 -39.96770210909454 
0.1 0.8999999999999999 -45.13831294622334 
0.1 0.9999999999999999 -44.99477771326881 
0.2 0.0 -21.217395349962043 
0.2 0.1 -15.414052356634194 
0.2 0.2 -4.477260351351905 
0.2 0.30000000000000004 -3.97614104649375 
0.2 0.4 -3.968052551201565 
0.2 0.5 -3.967958933502636 
0.2 0.6 -4.155137941056736 
0.2 0.7 -31.63352858928288 
0.2 0.7999999999999999 -44.813953585578105 
0.2 0.8999999999999999 -45.35824616281927 
0.2 0.9999999999999999 -45.358874313756836 
0.30000000000000004 0.0 -18.60831134270684 
0.30000000000000004 0.1 -21.357738228090472 
0.30000000000000004 0.2 -21.357738275138093 
0.30000000000000004 0.30000000000000004 -21.357744977072972 
0.30000000000000004 0.4 -21.358502396182562 
0.30000000000000004 0.5 -21.435149355142816 
0.30000000000000004 0.6 -24.842758835753838 
0.30000000000000004 0.7 -35.54132157494745 
0.30000000000000004 0.7999999999999999 -47.19425717121155 
0.30000000000000004 0.8999999999999999 -47.35763397394132 
0.30000000000000004 0.9999999999999999 -47.433037433556244 
0.4 0.0 -18.606541407369832 
0.4 0.1 -18.629255605563255 
0.4 0.2 -21.35770747991665 
0.4 0.30000000000000004 -21.357745923891297 
0.4 0.4 -21.358461904169562 
0.4 0.5 -21.429871215660732 
0.4 0.6 -25.907177547486967 
0.4 0.7 -32.726291522920306 
0.4 0.7999999999999999 -34.388953035845184 
0.4 0.8999999999999999 -48.08337449718442 
0.4 0.9999999999999999 -48.103377097045225 
0.5 0.0 -18.60637901397043 
0.5 0.1 -18.61528325666329 
0.5 0.2 -19.336631159524796 
0.5 0.30000000000000004 -28.71841172849884 
0.5 0.4 -21.37334175328694 
0.5 0.5 -24.06006703968004 
0.5 0.6 -36.360007008283795 
0.5 0.7 -36.7191524707129 
0.5 0.7999999999999999 -36.733418985614385 
0.5 0.8999999999999999 -36.73873447068131 
0.5 0.9999999999999999 -37.3686235897901 
0.6 0.0 -18.606315427700128 
0.6 0.1 -18.609803494031834 
0.6 0.2 -18.90325591552923 
0.6 0.30000000000000004 -26.837093559813503 
0.6 0.4 -30.484483786950396 
0.6 0.5 -25.9339833561534 
0.6 0.6 -36.74091786272348 
0.6 0.7 -36.742482256667856 
0.6 0.7999999999999999 -36.74252032505609 
0.6 0.8999999999999999 -36.72632320167364 
0.6 0.9999999999999999 -0.8992011841176676 
0.7 0.0 -18.60629053033728 
0.7 0.1 -18.607656528876607 
0.7 0.2 -18.724337326380493 
0.7 0.30000000000000004 -24.14196131845572 
0.7 0.4 -30.21059839828912 
0.7 0.5 -20.99745948834061 
0.7 0.6 -21.002799182388806 
0.7 0.7 -21.019223251535372 
0.7 0.7999999999999999 -0.899452629119956 
0.7 0.8999999999999999 -0.8992011840119626 
0.7 0.9999999999999999 -0.8992011840119626 
0.7999999999999999 0.0 -18.606280781756496 
0.7999999999999999 0.1 -18.606815675906304 
0.7999999999999999 0.2 -18.65278067836524 
0.7999999999999999 0.30000000000000004 -21.62089936203573 
0.7999999999999999 0.4 -28.570275054964537 
0.7999999999999999 0.5 -19.343924595708017 
0.7999999999999999 0.6 -19.879170188324707 
0.7999999999999999 0.7 -20.26021716824278 
0.7999999999999999 0.7999999999999999 -0.899201184011974 
0.7999999999999999 0.8999999999999999 -0.8992011840119626 
0.7999999999999999 0.9999999999999999 -0.8992011840119626 
0.8999999999999999 0.0 -18.60627696469922 
0.8999999999999999 0.1 -18.60648640811292 
0.8999999999999999 0.2 -18.624527071135052 
0.8999999999999999 0.30000000000000004 -19.99991164938298 
0.8999999999999999 0.4 -12.728639477994884 
0.8999999999999999 0.5 -12.256262304733028 
0.8999999999999999 0.6 -12.41041326157797 
0.8999999999999999 0.7 -12.599918472379523 
0.8999999999999999 0.7999999999999999 -0.8992011840119626 
0.8999999999999999 0.8999999999999999 -0.8992011840119626 
0.8999999999999999 0.9999999999999999 -0.8992011840119626 
0.9999999999999999 0.0 -18.60627547013128 
0.9999999999999999 0.1 -18.60635747850966 
0.9999999999999999 0.2 -18.61342792008921 
0.9999999999999999 0.30000000000000004 -19.19127325931663 
0.9999999999999999 0.4 -11.979027671455475 
0.9999999999999999 0.5 -11.978887891764549 
0.9999999999999999 0.6 -11.980094786351744 
0.9999999999999999 0.7 -1.5418314862270686 
0.9999999999999999 0.7999999999999999 -0.8992011840119626 
0.9999999999999999 0.8999999999999999 -0.8992011840119626 
0.9999999999999999 0.9999999999999999 -0.8992011840119625 
