0.0 0.0 -17.988533660621286 
0.0 0.1 -1.4319334977813707 
0.0 0.2 -1.4288009114740303 
0.0 0.30000000000000004 -1.4288009125595975 
0.0 0.4 -1.4288012769797513 
0.0 0.5 -1.4290317844741862 
0.0 0.6 -2.1482048568658385 
0.0 0.7 -5.06582532535156 
0.0 0.7999999999999999 -7.373271724543215 
0.0 0.8999999999999999 -25.200332701124722 
0.0 0.9999999999999999 -23.114898667477192 
0.1 0.0 -17.988534439695993 
0.1 0.1 -17.988534564436556 
0.1 0.2 -17.96221655121425 
0.1 0.30000000000000004 -1.428801238483859 
0.1 0.4 -1.4288023394625218 
0.1 0.5 -1.4292595795124063 
0.1 0.6 -1.5751178981942116 
0.1 0.7 -11.28014461746943 
0.1 0.7999999999999999 -24.937222779906747 
0.1 0.8999999999999999 -23.164540711535473 
0.1 0.9999999999999999 -22.589920569549186 
0.2 0.0 -17.98853443955332 
0.2 0.1 -17.988534502564605 
0.2 0.2 -17.988562093279118 
0.2 0.30000000000000004 -18.057194492758054 
0.2 0.4 -35.508086500632295 
0.2 0.5 -1.4327404607145182 
0.2 0.6 -2.177042669327057 
0.2 0.7 -30.524155075340396 
0.2 0.7999999999999999 -20.819195396387084 
0.2 0.8999999999999999 -20.151169832178695 
0.2 0.9999999999999999 -22.362821878650657 
0.30000000000000004 0.0 -17.988534439471003 
0.30000000000000004 0.1 -17.98853446930008 
0.30000000000000004 0.2 -17.98854791664443 
0.30000000000000004 0.30000000000000004 -17.994611338771332 
0.30000000000000004 0.4 -29.799761537631746 
0.30000000000000004 0.5 -41.537978168934764 
0.30000000000000004 0.6 -47.79163678348242 
0.30000000000000004 0.7 -34.186884262970814 
0.30000000000000004 0.7999999999999999 -24.429465975255532 
0.30000000000000004 0.8999999999999999 -9.828589984721074 
0.30000000000000004 0.9999999999999999 -5.364789936467285 
0.4 0.0 -17.988534439365676 
0.4 0.1 -17.988534439072968 
0.4 0.2 -17.98853805434512 
0.4 0.30000000000000004 -17.990882161916552 
0.4 0.4 -19.075007727443584 
0.4 0.5 -38.462683063055714 
0.4 0.6 -47.42830565408423 
0.4 0.7 -51.3787919670802 
0.4 0.7999999999999999 -25.93718577352262 
0.4 0.8999999999999999 -5.94428622734147 
0.4 0.9999999999999999 -5.363384820518247 
0.5 0.0 -17.98853443859719 
0.5 0.1 -17.988534264987532 
0.5 0.2 -17.988497636365103 
0.5 0.30000000000000004 -17.98113051603238 
0.5 0.4 -16.99378495036535 
0.5 0.5 -23.102426313466896 
0.5 0.6 -37.051698520946175 
0.5 0.7 -50.70639230994545 
0.5 0.7999999999999999 -16.35913027236648 
0.5 0.8999999999999999 -5.675789742108909 
0.5 0.9999999999999999 -5.362756014709617 
0.6 0.0 -17.988534057080926 
0.6 0.1 -17.988442750681752 
0.6 0.2 -17.966581366223046 
0.6 0.30000000000000004 -14.282957309691861 
0.6 0.4 -5.649156421383063 
0.6 0.5 -5.622175550634461 
0.6 0.6 -19.626101948747706 
0.6 0.7 -33.05750584087415 
0.6 0.7999999999999999 -15.480934741590977 
0.6 0.8999999999999999 -5.529270137262989 
0.6 0.9999999999999999 -5.362425135627829 
0.7 0.0 -17.988050050224626 
0.7 0.1 -17.873291663720366 
0.7 0.2 -9.330913653332766 
0.7 0.30000000000000004 -5.464548254567322 
0.7 0.4 -5.44115172908616 
0.7 0.5 -5.441124809284086 
0.7 0.6 -5.476415416463046 
0.7 0.7 -14.335793552043485 
0.7 0.7999999999999999 -14.296014061588398 
0.7 0.8999999999999999 -1.2097779121305712 
0.7 0.9999999999999999 -1.1987655721979678 
0.7999999999999999 0.0 -17.398257805205656 
0.7999999999999999 0.1 -6.4169097836602695 
0.7999999999999999 0.2 -5.445044391054806 
0.7999999999999999 0.30000000000000004 -5.440654985482017 
0.7999999999999999 0.4 -5.440636381143187 
0.7999999999999999 0.5 -5.440636175664556 
0.7999999999999999 0.6 -5.440679044120683 
0.7999999999999999 0.7 -1.1987643487836164 
0.7999999999999999 0.7999999999999999 -1.1987643484598614 
0.7999999999999999 0.8999999999999999 -1.1987643484598614 
0.7999999999999999 0.9999999999999999 -1.1987643484598614 
0.8999999999999999 0.0 -5.636312564669666 
0.8999999999999999 0.1 -5.441461962096501 
0.8999999999999999 0.2 -5.440637603381552 
0.8999999999999999 0.30000000000000004 -5.440634168021879 
0.8999999999999999 0.4 -5.440634152062872 
0.8999999999999999 0.5 -5.440634150737896 
0.8999999999999999 0.6 -1.1987916913542518 
0.8999999999999999 0.7 -1.1987643484598614 
0.8999999999999999 0.7999999999999999 -1.1987643484598614 
0.8999999999999999 0.8999999999999999 -1.1987643484598614 
0.8999999999999999 0.9999999999999999 -1.1987643484598614 
0.9999999999999999 0.0 -5.440789584144125 
0.9999999999999999 0.1 -5.4406347882511445 
0.9999999999999999 0.2 -5.440634143547824 
0.9999999999999999 0.30000000000000004 -5.4406341408529535 
0.9999999999999999 0.4 -5.440634140833151 
0.9999999999999999 0.5 -2.6973655983108413 
0.9999999999999999 0.6 -1.1987643484598614 
0.9999999999999999 0.7 -1.1987643484598614 
0.9999999999999999 0.7999999999999999 -1.1987643484598614 
0.9999999999999999 0.8999999999999999 -1.1987643484598614 
0.9999999999999999 0.9999999999999999 -1.1987643484598614 
