0.0 0.0 -1.428571428571429 
0.0 0.1 -1.4285714285714286 
0.0 0.2 -1.4285714285714288 
0.0 0.30000000000000004 -1.4285714285714286 
0.0 0.4 -1.4285714469097657 
0.0 0.5 -25.352588258447778 
0.0 0.6 -25.352057089419187 
0.0 0.7 -23.735843282587915 
0.0 0.7999999999999999 -6.321387566007636 
0.0 0.8999999999999999 -5.822107002275709 
0.0 0.9999999999999999 -5.821743529640009 
0.1 0.0 -1.4285714285714286 
0.1 0.1 -1.4285714285714282 
0.1 0.2 -1.4285714285714284 
0.1 0.30000000000000004 -1.4285714285714288 
0.1 0.4 -25.35598794872855 
0.1 0.5 -25.35359663100601 
0.1 0.6 -25.352438690308354 
0.1 0.7 -24.01177700156868 
0.1 0.7999999999999999 -6.9809198333025515 
0.1 0.8999999999999999 -5.822650382954316 
0.1 0.9999999999999999 -5.821743906293938 
0.2 0.0 -1.428571428571429 
0.2 0.1 -1.4285714285714286 
0.2 0.2 -1.428571428571429 
0.2 0.30000000000000004 -1.4285714285739464 
0.2 0.4 -25.748090047504082 
0.2 0.5 -25.471502661129588 
0.2 0.6 -25.38644604433771 
0.2 0.7 -24.247390007555424 
0.2 0.7999999999999999 -8.282849696647231 
0.2 0.8999999999999999 -5.824005352077004 
0.2 0.9999999999999999 -5.821744845695434 
0.30000000000000004 0.0 -1.4285714285714288 
0.30000000000000004 0.1 -1.4285714285714286 
0.30000000000000004 0.2 -1.4285714285714286 
0.30000000000000004 0.30000000000000004 -29.672534673824565 
0.30000000000000004 0.4 -29.647363956001602 
0.30000000000000004 0.5 -28.90052029741831 
0.30000000000000004 0.6 -27.548381591270573 
0.30000000000000004 0.7 -25.45729480985279 
0.30000000000000004 0.7999999999999999 -10.298989719635994 
0.30000000000000004 0.8999999999999999 -5.827383118689352 
0.30000000000000004 0.9999999999999999 -5.821747188628629 
0.4 0.0 -1.428571428571429 
0.4 0.1 -1.4285714285714286 
0.4 0.2 -1.4285714285715365 
0.4 0.30000000000000004 -30.034403335503658 
0.4 0.4 -30.031875395046658 
0.4 0.5 -30.022947558329015 
0.4 0.6 -29.991608850248056 
0.4 0.7 -29.844389099599166 
0.4 0.7999999999999999 -12.79857655117108 
0.4 0.8999999999999999 -5.8357974979674 
0.4 0.9999999999999999 -5.821753032065396 
0.5 0.0 -1.4285714285714288 
0.5 0.1 -1.4285714285714286 
0.5 0.2 -27.543287748233134 
0.5 0.30000000000000004 -30.03539090672908 
0.5 0.4 -30.035369816305877 
0.5 0.5 -30.035295150839904 
0.5 0.6 -30.035030741292303 
0.5 0.7 -30.03093439889331 
0.5 0.7999999999999999 -21.52906669442293 
0.5 0.8999999999999999 -18.794668539098964 
0.5 0.9999999999999999 -14.05801134682962 
0.6 0.0 -1.4285714285714286 
0.6 0.1 -1.4285714285714375 
0.6 0.2 -30.035399189272987 
0.6 0.30000000000000004 -30.035390051940475 
0.6 0.4 -29.666888037834465 
0.6 0.5 -24.02932854532644 
0.6 0.6 -24.02717930705728 
0.6 0.7 -24.017069117923544 
0.6 0.7999999999999999 -21.614848573175156 
0.6 0.8999999999999999 -16.24690328844266 
0.6 0.9999999999999999 -14.003575184618581 
0.7 0.0 -1.4285714285714288 
0.7 0.1 -22.220161125475727 
0.7 0.2 -24.0272164004484 
0.7 0.30000000000000004 -24.027200848887773 
0.7 0.4 -24.02720084844847 
0.7 0.5 -24.027200810303132 
0.7 0.6 -24.027181400779888 
0.7 0.7 -24.01578950967396 
0.7 0.7999999999999999 -20.353165674779568 
0.7 0.8999999999999999 -14.48240720027848 
0.7 0.9999999999999999 -14.000316689365617 
0.7999999999999999 0.0 -1.4299187262296607 
0.7999999999999999 0.1 -24.02720084852794 
0.7999999999999999 0.2 -24.027200848527936 
0.7999999999999999 0.30000000000000004 -24.02720084852778 
0.7999999999999999 0.4 -24.02720084842267 
0.7999999999999999 0.5 -24.027200755628815 
0.7999999999999999 0.6 -24.027092402396544 
0.7999999999999999 0.7 -23.882496663998676 
0.7999999999999999 0.7999999999999999 -16.445882844413322 
0.7999999999999999 0.8999999999999999 -14.551863350387533 
0.7999999999999999 0.9999999999999999 -13.14175034221596 
0.8999999999999999 0.0 -24.02720084852794 
0.8999999999999999 0.1 -24.02720084852794 
0.8999999999999999 0.2 -24.027200848527936 
0.8999999999999999 0.30000000000000004 -24.02720084852665 
0.8999999999999999 0.4 -24.027200846709714 
0.8999999999999999 0.5 -24.027198187250477 
0.8999999999999999 0.6 -24.014080382591064 
0.8999999999999999 0.7 -7.125449680753093 
0.8999999999999999 0.7999999999999999 -7.098723065089022 
0.8999999999999999 0.8999999999999999 -7.098716114715555 
0.8999999999999999 0.9999999999999999 -7.098716106500401 
0.9999999999999999 0.0 -24.02720084852794 
0.9999999999999999 0.1 -24.02720084852794 
0.9999999999999999 0.2 -24.02720084852791 
0.9999999999999999 0.30000000000000004 -24.027200846700453 
0.9999999999999999 0.4 -24.02432241521339 
0.9999999999999999 0.5 -7.159983345745751 
0.9999999999999999 0.6 -7.098716144242785 
0.9999999999999999 0.7 -7.0987161058470996 
0.9999999999999999 0.7999999999999999 -7.098716105846697 
0.9999999999999999 0.8999999999999999 -7.098716105846695 
0.9999999999999999 0.9999999999999999 -7.098716105846695 
