0.0 0.0 -9.03537483508901 
0.0 0.1 -9.035560158426938 
0.0 0.2 -2.5690034931761145 
0.0 0.30000000000000004 -2.5876050048308987 
0.0 0.4 -2.9175617552097064 
0.0 0.5 -2.917783869880512 
0.0 0.6 -2.925508491174518 
0.0 0.7 -6.892658420903681 
0.0 0.7999999999999999 -11.059467677618898 
0.0 0.8999999999999999 -11.067990219650392 
0.0 0.9999999999999999 -11.067998729948288 
0.1 0.0 -9.0353740683433 
0.1 0.1 -9.035476774792043 
0.1 0.2 -9.04663592046626 
0.1 0.30000000000000004 -2.559746241480102 
0.1 0.4 -2.5592776207096035 
0.1 0.5 -2.6002587821009926 
0.1 0.6 -2.9252213029248493 
0.1 0.7 -6.783484669081526 
0.1 0.7999999999999999 -11.058997862955897 
0.1 0.8999999999999999 -11.067989750153632 
0.1 0.9999999999999999 -11.067998729553526 
0.2 0.0 -9.035373643573287 
0.2 0.1 -9.035430542369882 
0.2 0.2 -9.04161800342328 
0.2 0.30000000000000004 -9.65557721833554 
0.2 0.4 -2.5605913250263104 
0.2 0.5 -2.599803479546948 
0.2 0.6 -4.651704100344949 
0.2 0.7 -18.77932160128069 
0.2 0.7999999999999999 -27.927377847996436 
0.2 0.8999999999999999 -29.755012951795475 
0.2 0.9999999999999999 -27.633337033037176 
0.30000000000000004 0.0 -9.035373408254657 
0.30000000000000004 0.1 -9.03540492977335 
0.30000000000000004 0.2 -9.038834123836772 
0.30000000000000004 0.30000000000000004 -9.393094677679516 
0.30000000000000004 0.4 -16.53359496093812 
0.30000000000000004 0.5 -4.909595681156846 
0.30000000000000004 0.6 -8.897192119084696 
0.30000000000000004 0.7 -27.187949595717765 
0.30000000000000004 0.7999999999999999 -32.074237999045216 
0.30000000000000004 0.8999999999999999 -32.10773578449128 
0.30000000000000004 0.9999999999999999 -32.10784148357123 
0.4 0.0 -9.035373277890319 
0.4 0.1 -9.035390740552678 
0.4 0.2 -9.037290911337701 
0.4 0.30000000000000004 -9.238165726869099 
0.4 0.4 -15.849245623777152 
0.4 0.5 -37.03018889975111 
0.4 0.6 -43.71599729530221 
0.4 0.7 -28.096828544271204 
0.4 0.7999999999999999 -32.07386719768938 
0.4 0.8999999999999999 -32.10772170400988 
0.4 0.9999999999999999 -32.10784140394943 
0.5 0.0 -6.380685738285539 
0.5 0.1 -9.035061093269302 
0.5 0.2 -9.036435711954987 
0.5 0.30000000000000004 -9.149678354967484 
0.5 0.4 -12.622077837633158 
0.5 0.5 -24.677366500666253 
0.5 0.6 -43.20317320192826 
0.5 0.7 -46.13192588486836 
0.5 0.7999999999999999 -32.05683030484746 
0.5 0.8999999999999999 -32.10766096934113 
0.5 0.9999999999999999 -32.107841190143375 
0.6 0.0 -5.998329029494565 
0.6 0.1 -5.998380250750565 
0.6 0.2 -5.9985828059084065 
0.6 0.30000000000000004 -6.300271143376243 
0.6 0.4 -10.242235550132305 
0.6 0.5 -14.616114223339787 
0.6 0.6 -18.7938606873876 
0.6 0.7 -36.64615929043363 
0.6 0.7999999999999999 -33.19516625049711 
0.6 0.8999999999999999 -32.10756938924198 
0.6 0.9999999999999999 -32.03026672365113 
0.7 0.0 -6.0018786739963215 
0.7 0.1 -6.012298481873267 
0.7 0.2 -6.052896127615827 
0.7 0.30000000000000004 -6.207481740227077 
0.7 0.4 -6.74889843273967 
0.7 0.5 -11.988756765900243 
0.7 0.6 -17.97354101286398 
0.7 0.7 -18.218204369561494 
0.7 0.7999999999999999 -1.1324516475076558 
0.7 0.8999999999999999 -1.1324502994449215 
0.7 0.9999999999999999 -1.1324502994449215 
0.7999999999999999 0.0 -6.652187622364599 
0.7999999999999999 0.1 -7.976466979524404 
0.7999999999999999 0.2 -10.082661736253852 
0.7999999999999999 0.30000000000000004 -11.601755336623643 
0.7999999999999999 0.4 -12.18791479399594 
0.7999999999999999 0.5 -12.357285851041901 
0.7999999999999999 0.6 -17.64087417114741 
0.7999999999999999 0.7 -1.132450299460392 
0.7999999999999999 0.7999999999999999 -1.1324502994449215 
0.7999999999999999 0.8999999999999999 -1.1324502994449215 
0.7999999999999999 0.9999999999999999 -1.1324502994449215 
0.8999999999999999 0.0 -12.151332108937627 
0.8999999999999999 0.1 -12.347411365426881 
0.8999999999999999 0.2 -12.399349348350011 
0.8999999999999999 0.30000000000000004 -12.412709772486167 
0.8999999999999999 0.4 -12.416120507982402 
0.8999999999999999 0.5 -12.416989526663667 
0.8999999999999999 0.6 -1.133755514361855 
0.8999999999999999 0.7 -1.1324502994449215 
0.8999999999999999 0.7999999999999999 -1.1324502994449215 
0.8999999999999999 0.8999999999999999 -1.1324502994449215 
0.8999999999999999 0.9999999999999999 -1.1324502994449215 
0.9999999999999999 0.0 -12.415926556886545 
0.9999999999999999 0.1 -12.416940128474597 
0.9999999999999999 0.2 -12.417198254551298 
0.9999999999999999 0.30000000000000004 -12.417263981760852 
0.9999999999999999 0.4 -12.417280717395116 
0.9999999999999999 0.5 -12.417284978625345 
0.9999999999999999 0.6 -1.1324502994451313 
0.9999999999999999 0.7 -1.1324502994449215 
0.9999999999999999 0.7999999999999999 -1.1324502994449215 
0.9999999999999999 0.8999999999999999 -1.1324502994449215 
0.9999999999999999 0.9999999999999999 -1.1324502994449215 
